MCDATA_instrdata = {
"cmd": "mcrun Analy_crystal.instr --no-output-files --trace --dir=Analy_crystal_20180921_133139 --no-output-files -n 1000000 OMA=37.072 TTA=74.144 phi=37 dphi=0.5",
"params_values": [],
"params_defaults": [],
"components": [
{
"m4": [
1.0,
0.0,
0.0,
0.0,
0.0,
1.0,
0.0,
0.0,
0.0,
0.0,
1.0,
0.0,
0,
0,
0,
1
],
"drawcalls": [],
"name": "origin"
},
{
"m4": [
1.0,
0.0,
0.0,
0.0,
0.0,
1.0,
0.0,
0.0,
0.0,
0.0,
1.0,
0.0,
0,
0,
0,
1
],
"drawcalls": [
{
"key": "circle",
"args": [
"xy",
0.0,
0.0,
0.0,
1e-06
]
},
{
"key": "multiline",
"args": [
0.0,
0.0,
0.0,
-0.00277778,
-0.00555556,
0.133333
]
},
{
"key": "multiline",
"args": [
-0.00555556,
-0.0111111,
0.266667,
-0.00833333,
-0.0166667,
0.4
]
},
{
"key": "multiline",
"args": [
-0.0111111,
-0.0222222,
0.533333,
-0.0138889,
-0.0277778,
0.666667
]
},
{
"key": "multiline",
"args": [
-0.0166667,
-0.0333333,
0.8,
-0.0194444,
-0.0388889,
0.933333
]
},
{
"key": "multiline",
"args": [
-0.0222222,
-0.0444444,
1.06667,
-0.025,
-0.05,
1.2
]
},
{
"key": "multiline",
"args": [
0.0,
0.0,
0.0,
0.00277778,
-0.00555556,
0.133333
]
},
{
"key": "multiline",
"args": [
0.00555556,
-0.0111111,
0.266667,
0.00833333,
-0.0166667,
0.4
]
},
{
"key": "multiline",
"args": [
0.0111111,
-0.0222222,
0.533333,
0.0138889,
-0.0277778,
0.666667
]
},
{
"key": "multiline",
"args": [
0.0166667,
-0.0333333,
0.8,
0.0194444,
-0.0388889,
0.933333
]
},
{
"key": "multiline",
"args": [
0.0222222,
-0.0444444,
1.06667,
0.025,
-0.05,
1.2
]
},
{
"key": "multiline",
"args": [
0.0,
0.0,
0.0,
0.00277778,
0.00555556,
0.133333
]
},
{
"key": "multiline",
"args": [
0.00555556,
0.0111111,
0.266667,
0.00833333,
0.0166667,
0.4
]
},
{
"key": "multiline",
"args": [
0.0111111,
0.0222222,
0.533333,
0.0138889,
0.0277778,
0.666667
]
},
{
"key": "multiline",
"args": [
0.0166667,
0.0333333,
0.8,
0.0194444,
0.0388889,
0.933333
]
},
{
"key": "multiline",
"args": [
0.0222222,
0.0444444,
1.06667,
0.025,
0.05,
1.2
]
},
{
"key": "multiline",
"args": [
0.0,
0.0,
0.0,
-0.00277778,
0.00555556,
0.133333
]
},
{
"key": "multiline",
"args": [
-0.00555556,
0.0111111,
0.266667,
-0.00833333,
0.0166667,
0.4
]
},
{
"key": "multiline",
"args": [
-0.0111111,
0.0222222,
0.533333,
-0.0138889,
0.0277778,
0.666667
]
},
{
"key": "multiline",
"args": [
-0.0166667,
0.0333333,
0.8,
-0.0194444,
0.0388889,
0.933333
]
},
{
"key": "multiline",
"args": [
-0.0222222,
0.0444444,
1.06667,
-0.025,
0.05,
1.2
]
}
],
"name": "source_simple"
},
{
"m4": [
0.797879,
-0.0,
0.602818,
0.0,
0.0,
1.0,
-0.0,
0.0,
-0.602818,
0.0,
0.797879,
1.2,
0,
0,
0,
1
],
"drawcalls": [
{
"key": "multiline",
"args": [
0.0,
0.0,
0.0,
0.2,
0.0,
0.0
]
},
{
"key": "multiline",
"args": [
0.0,
0.0,
0.0,
0.0,
0.2,
0.0
]
},
{
"key": "multiline",
"args": [
0.0,
0.0,
0.0,
0.0,
0.0,
0.2
]
}
],
"name": "Mono_Cradle"
},
{
"m4": [
1.0,
0.0,
0.0,
0.0,
0.0,
1.0,
0.0,
0.0,
0.0,
0.0,
1.0,
1.2,
0,
0,
0,
1
],
"drawcalls": [
{
"key": "multiline",
"args": [
0.0,
0.0,
0.0,
0.2,
0.0,
0.0
]
},
{
"key": "multiline",
"args": [
0.0,
0.0,
0.0,
0.0,
0.2,
0.0
]
},
{
"key": "multiline",
"args": [
0.0,
0.0,
0.0,
0.0,
0.0,
0.2
]
}
],
"name": "XY_ARM"
},
{
"m4": [
0.797879,
-0.0,
0.602818,
0.0,
0.0,
1.0,
-0.0,
0.0,
-0.602818,
0.0,
0.797879,
1.2,
0,
0,
0,
1
],
"drawcalls": [
{
"key": "multiline",
"args": [
0.0,
-0.1155,
-0.005,
0.0,
0.1155,
-0.005,
-0.0,
0.1155,
0.005,
0.0,
-0.1155,
0.005,
0.0,
-0.1155,
-0.005
]
}
],
"name": "monochromator_flat"
},
{
"m4": [
0.798636,
-0.0,
0.601815,
-0.008906,
0.0,
1.0,
-0.0,
0.0,
-0.601815,
0.0,
0.798636,
1.1896,
0,
0,
0,
1
],
"drawcalls": [
{
"key": "multiline",
"args": [
0.0,
-0.1155,
-0.005,
0.0,
0.1155,
-0.005,
-0.0,
0.1155,
0.005,
0.0,
-0.1155,
0.005,
0.0,
-0.1155,
-0.005
]
}
],
"name": "monochromator2"
},
{
"m4": [
0.803857,
-0.0,
0.594823,
-0.017655,
0.0,
1.0,
-0.0,
0.0,
-0.594823,
0.0,
0.803857,
1.17907,
0,
0,
0,
1
],
"drawcalls": [
{
"key": "multiline",
"args": [
0.0,
-0.1155,
-0.005,
0.0,
0.1155,
-0.005,
-0.0,
0.1155,
0.005,
0.0,
-0.1155,
0.005,
0.0,
-0.1155,
-0.005
]
}
],
"name": "monochromator3"
},
{
"m4": [
0.809017,
-0.0,
0.587785,
-0.026246,
0.0,
1.0,
-0.0,
0.0,
-0.587785,
0.0,
0.809017,
1.1684,
0,
0,
0,
1
],
"drawcalls": [
{
"key": "multiline",
"args": [
0.0,
-0.1155,
-0.005,
0.0,
0.1155,
-0.005,
-0.0,
0.1155,
0.005,
0.0,
-0.1155,
0.005,
0.0,
-0.1155,
-0.005
]
}
],
"name": "monochromator4"
},
{
"m4": [
0.814116,
-0.0,
0.580703,
0.009061,
0.0,
1.0,
-0.0,
0.0,
-0.580703,
0.0,
0.814116,
1.21027,
0,
0,
0,
1
],
"drawcalls": [
{
"key": "multiline",
"args": [
0.0,
-0.1155,
-0.005,
0.0,
0.1155,
-0.005,
-0.0,
0.1155,
0.005,
0.0,
-0.1155,
0.005,
0.0,
-0.1155,
-0.005
]
}
],
"name": "monochromator5"
},
{
"m4": [
0.793353,
-0.0,
0.608761,
0.018274,
0.0,
1.0,
-0.0,
0.0,
-0.608761,
0.0,
0.793353,
1.2204,
0,
0,
0,
1
],
"drawcalls": [
{
"key": "multiline",
"args": [
0.0,
-0.1155,
-0.005,
0.0,
0.1155,
-0.005,
-0.0,
0.1155,
0.005,
0.0,
-0.1155,
0.005,
0.0,
-0.1155,
-0.005
]
}
],
"name": "monochromator6"
},
{
"m4": [
0.788011,
-0.0,
0.615661,
0.027638,
0.0,
1.0,
-0.0,
0.0,
-0.615661,
0.0,
0.788011,
1.23039,
0,
0,
0,
1
],
"drawcalls": [
{
"key": "multiline",
"args": [
0.0,
-0.1155,
-0.005,
0.0,
0.1155,
-0.005,
-0.0,
0.1155,
0.005,
0.0,
-0.1155,
0.005,
0.0,
-0.1155,
-0.005
]
}
],
"name": "monochromator7"
},
{
"m4": [
0.273221,
-0.0,
0.961951,
0.0,
0.0,
1.0,
-0.0,
0.0,
-0.961951,
0.0,
0.273221,
1.2,
0,
0,
0,
1
],
"drawcalls": [
{
"key": "multiline",
"args": [
0.0,
0.0,
0.0,
0.2,
0.0,
0.0
]
},
{
"key": "multiline",
"args": [
0.0,
0.0,
0.0,
0.0,
0.2,
0.0
]
},
{
"key": "multiline",
"args": [
0.0,
0.0,
0.0,
0.0,
0.0,
0.2
]
}
],
"name": "Mono_Out"
},
{
"m4": [
1.0,
0.0,
0.0,
0.0,
0.0,
1.0,
0.0,
0.0,
0.0,
0.0,
1.0,
2.0,
0,
0,
0,
1
],
"drawcalls": [
{
"key": "multiline",
"args": [
-0.0005,
-0.0005,
0.0,
0.0005,
-0.0005,
0.0,
0.0005,
0.0005,
0.0,
-0.0005,
0.0005,
0.0,
-0.0005,
-0.0005,
0.0
]
}
],
"name": "beamstop"
},
{
"m4": [
0.273221,
-0.0,
0.961951,
0.961951,
0.0,
1.0,
-0.0,
0.0,
-0.961951,
0.0,
0.273221,
1.47322,
0,
0,
0,
1
],
"drawcalls": [
{
"key": "multiline",
"args": [
-0.1,
-0.1,
0.0,
0.1,
-0.1,
0.0,
0.1,
0.1,
0.0,
-0.1,
0.1,
0.0,
-0.1,
-0.1,
0.0
]
}
],
"name": "psd_monitor"
}
],
"abspath": "Analy_crystal.instr",
"params": [],
"boundingbox": {
"zmin": 0.0,
"drawcalls": [
{
"key": "multiline",
"args": [
-0.029184925,
-0.1155,
0.0,
-0.029184925,
0.2,
0.0,
0.9892731,
0.2,
0.0,
0.9892731,
-0.1155,
0.0,
-0.029184925,
-0.1155,
0.0
]
},
{
"key": "multiline",
"args": [
-0.029184925,
-0.1155,
2.0,
-0.029184925,
0.2,
2.0,
0.9892731,
0.2,
2.0,
0.9892731,
-0.1155,
2.0,
-0.029184925,
-0.1155,
2.0
]
},
{
"key": "line",
"args": [
-0.029184925,
-0.1155,
0.0,
-0.029184925,
-0.1155,
2.0
]
},
{
"key": "line",
"args": [
0.9892731,
-0.1155,
0.0,
0.9892731,
-0.1155,
2.0
]
},
{
"key": "line",
"args": [
-0.029184925,
0.2,
0.0,
-0.029184925,
0.2,
2.0
]
},
{
"key": "line",
"args": [
0.9892731,
0.2,
0.0,
0.9892731,
0.2,
2.0
]
},
{
"key": "line",
"args": [
0.970815075,
-0.1155,
0.0,
0.970815075,
-0.0155,
0.0
]
},
{
"key": "line",
"args": [
0.970815075,
0.2,
0.0,
0.970815075,
0.1,
0.0
]
},
{
"key": "line",
"args": [
0.970815075,
-0.1155,
2.0,
0.970815075,
-0.0155,
2.0
]
},
{
"key": "line",
"args": [
0.970815075,
0.2,
2.0,
0.970815075,
0.1,
2.0
]
},
{
"key": "line",
"args": [
0.970815075,
-0.1155,
0.0,
0.970815075,
-0.1155,
0.1
]
},
{
"key": "line",
"args": [
0.970815075,
-0.1155,
2.0,
0.970815075,
-0.1155,
1.9
]
},
{
"key": "line",
"args": [
-0.029184925,
-0.1155,
1.0,
0.070815075,
-0.1155,
1.0
]
},
{
"key": "line",
"args": [
0.9892731,
-0.1155,
1.0,
0.8892731,
-0.1155,
1.0
]
},
{
"key": "line",
"args": [
0.970815075,
0.2,
0.0,
0.970815075,
0.2,
0.1
]
},
{
"key": "line",
"args": [
0.970815075,
0.2,
2.0,
0.970815075,
0.2,
1.9
]
},
{
"key": "line",
"args": [
-0.029184925,
0.2,
1.0,
0.070815075,
0.2,
1.0
]
},
{
"key": "line",
"args": [
0.9892731,
0.2,
1.0,
0.8892731,
0.2,
1.0
]
},
{
"key": "line",
"args": [
-0.029184925,
-0.1155,
1.0,
-0.029184925,
-0.0155,
1.0
]
},
{
"key": "line",
"args": [
-0.029184925,
0.2,
1.0,
-0.029184925,
0.1,
1.0
]
},
{
"key": "line",
"args": [
0.9892731,
-0.1155,
1.0,
0.9892731,
-0.0155,
1.0
]
},
{
"key": "line",
"args": [
0.9892731,
0.2,
1.0,
0.9892731,
0.1,
1.0
]
}
],
"ymax": 0.2,
"xmin": -0.029184925,
"xmax": 0.9892731,
"zmax": 2.0,
"ymin": -0.1155
},
"name": "template_body_simple",
"rays": []
};