MCDATA_instrdata = {
"name": "template_body_simple",
"params_defaults": [],
"params": [],
"abspath": "Analy_crystal.instr",
"cmd": "mcrun Analy_crystal.instr --no-output-files --trace --dir=Analy_crystal_20180921_130350 --no-output-files -n 1000000 OMA=37.072 TTA=74.144",
"rays": [],
"components": [
{
"drawcalls": [],
"name": "origin",
"m4": [
1.0,
0.0,
0.0,
0.0,
0.0,
1.0,
0.0,
0.0,
0.0,
0.0,
1.0,
0.0,
0,
0,
0,
1
]
},
{
"drawcalls": [
{
"key": "circle",
"args": [
"xy",
0.0,
0.0,
0.0,
1e-06
]
},
{
"key": "multiline",
"args": [
0.0,
0.0,
0.0,
-0.00277778,
-0.00555556,
0.133333
]
},
{
"key": "multiline",
"args": [
-0.00555556,
-0.0111111,
0.266667,
-0.00833333,
-0.0166667,
0.4
]
},
{
"key": "multiline",
"args": [
-0.0111111,
-0.0222222,
0.533333,
-0.0138889,
-0.0277778,
0.666667
]
},
{
"key": "multiline",
"args": [
-0.0166667,
-0.0333333,
0.8,
-0.0194444,
-0.0388889,
0.933333
]
},
{
"key": "multiline",
"args": [
-0.0222222,
-0.0444444,
1.06667,
-0.025,
-0.05,
1.2
]
},
{
"key": "multiline",
"args": [
0.0,
0.0,
0.0,
0.00277778,
-0.00555556,
0.133333
]
},
{
"key": "multiline",
"args": [
0.00555556,
-0.0111111,
0.266667,
0.00833333,
-0.0166667,
0.4
]
},
{
"key": "multiline",
"args": [
0.0111111,
-0.0222222,
0.533333,
0.0138889,
-0.0277778,
0.666667
]
},
{
"key": "multiline",
"args": [
0.0166667,
-0.0333333,
0.8,
0.0194444,
-0.0388889,
0.933333
]
},
{
"key": "multiline",
"args": [
0.0222222,
-0.0444444,
1.06667,
0.025,
-0.05,
1.2
]
},
{
"key": "multiline",
"args": [
0.0,
0.0,
0.0,
0.00277778,
0.00555556,
0.133333
]
},
{
"key": "multiline",
"args": [
0.00555556,
0.0111111,
0.266667,
0.00833333,
0.0166667,
0.4
]
},
{
"key": "multiline",
"args": [
0.0111111,
0.0222222,
0.533333,
0.0138889,
0.0277778,
0.666667
]
},
{
"key": "multiline",
"args": [
0.0166667,
0.0333333,
0.8,
0.0194444,
0.0388889,
0.933333
]
},
{
"key": "multiline",
"args": [
0.0222222,
0.0444444,
1.06667,
0.025,
0.05,
1.2
]
},
{
"key": "multiline",
"args": [
0.0,
0.0,
0.0,
-0.00277778,
0.00555556,
0.133333
]
},
{
"key": "multiline",
"args": [
-0.00555556,
0.0111111,
0.266667,
-0.00833333,
0.0166667,
0.4
]
},
{
"key": "multiline",
"args": [
-0.0111111,
0.0222222,
0.533333,
-0.0138889,
0.0277778,
0.666667
]
},
{
"key": "multiline",
"args": [
-0.0166667,
0.0333333,
0.8,
-0.0194444,
0.0388889,
0.933333
]
},
{
"key": "multiline",
"args": [
-0.0222222,
0.0444444,
1.06667,
-0.025,
0.05,
1.2
]
}
],
"name": "source_simple",
"m4": [
1.0,
0.0,
0.0,
0.0,
0.0,
1.0,
0.0,
0.0,
0.0,
0.0,
1.0,
0.0,
0,
0,
0,
1
]
},
{
"drawcalls": [
{
"key": "multiline",
"args": [
0.0,
0.0,
0.0,
0.2,
0.0,
0.0
]
},
{
"key": "multiline",
"args": [
0.0,
0.0,
0.0,
0.0,
0.2,
0.0
]
},
{
"key": "multiline",
"args": [
0.0,
0.0,
0.0,
0.0,
0.0,
0.2
]
}
],
"name": "Mono_Cradle",
"m4": [
0.797879,
-0.0,
0.602818,
0.0,
0.0,
1.0,
-0.0,
0.0,
-0.602818,
0.0,
0.797879,
1.2,
0,
0,
0,
1
]
},
{
"drawcalls": [
{
"key": "multiline",
"args": [
0.0,
0.0,
0.0,
0.2,
0.0,
0.0
]
},
{
"key": "multiline",
"args": [
0.0,
0.0,
0.0,
0.0,
0.2,
0.0
]
},
{
"key": "multiline",
"args": [
0.0,
0.0,
0.0,
0.0,
0.0,
0.2
]
}
],
"name": "XY_ARM",
"m4": [
1.0,
0.0,
0.0,
0.0,
0.0,
1.0,
0.0,
0.0,
0.0,
0.0,
1.0,
1.2,
0,
0,
0,
1
]
},
{
"drawcalls": [
{
"key": "multiline",
"args": [
0.0,
-0.1155,
-0.005,
0.0,
0.1155,
-0.005,
0.0,
0.1155,
0.005,
0.0,
-0.1155,
0.005,
0.0,
-0.1155,
-0.005
]
}
],
"name": "monochromator_flat",
"m4": [
0.797879,
-0.0,
0.602818,
0.0,
0.0,
1.0,
-0.0,
0.0,
-0.602818,
0.0,
0.797879,
1.2,
0,
0,
0,
1
]
},
{
"drawcalls": [
{
"key": "multiline",
"args": [
0.0,
-0.1155,
-0.005,
0.0,
0.1155,
-0.005,
0.0,
0.1155,
0.005,
0.0,
-0.1155,
0.005,
0.0,
-0.1155,
-0.005
]
}
],
"name": "monochromator2",
"m4": [
0.80237,
-0.0,
0.596827,
-0.008906,
0.0,
1.0,
-0.0,
0.0,
-0.596827,
0.0,
0.80237,
1.1896,
0,
0,
0,
1
]
},
{
"drawcalls": [
{
"key": "multiline",
"args": [
0.0,
-0.1155,
-0.005,
0.0,
0.1155,
-0.005,
0.0,
0.1155,
0.005,
0.0,
-0.1155,
0.005,
0.0,
-0.1155,
-0.005
]
}
],
"name": "monochromator3",
"m4": [
0.806816,
-0.0,
0.590803,
-0.017655,
0.0,
1.0,
-0.0,
0.0,
-0.590803,
0.0,
0.806816,
1.17907,
0,
0,
0,
1
]
},
{
"drawcalls": [
{
"key": "multiline",
"args": [
0.0,
-0.1155,
-0.005,
0.0,
0.1155,
-0.005,
0.0,
0.1155,
0.005,
0.0,
-0.1155,
0.005,
0.0,
-0.1155,
-0.005
]
}
],
"name": "monochromator4",
"m4": [
0.811217,
-0.0,
0.584745,
-0.026246,
0.0,
1.0,
-0.0,
0.0,
-0.584745,
0.0,
0.811217,
1.1684,
0,
0,
0,
1
]
},
{
"drawcalls": [
{
"key": "multiline",
"args": [
0.0,
-0.1155,
-0.005,
0.0,
0.1155,
-0.005,
0.0,
0.1155,
0.005,
0.0,
-0.1155,
0.005,
0.0,
-0.1155,
-0.005
]
}
],
"name": "monochromator5",
"m4": [
0.793353,
-0.0,
0.608761,
0.009061,
0.0,
1.0,
-0.0,
0.0,
-0.608761,
0.0,
0.793353,
1.21027,
0,
0,
0,
1
]
},
{
"drawcalls": [
{
"key": "multiline",
"args": [
0.0,
-0.1155,
-0.005,
0.0,
0.1155,
-0.005,
0.0,
0.1155,
0.005,
0.0,
-0.1155,
0.005,
0.0,
-0.1155,
-0.005
]
}
],
"name": "monochromator6",
"m4": [
0.788773,
-0.0,
0.614685,
0.018274,
0.0,
1.0,
-0.0,
0.0,
-0.614685,
0.0,
0.788773,
1.2204,
0,
0,
0,
1
]
},
{
"drawcalls": [
{
"key": "multiline",
"args": [
0.0,
-0.1155,
-0.005,
0.0,
0.1155,
-0.005,
0.0,
0.1155,
0.005,
0.0,
-0.1155,
0.005,
0.0,
-0.1155,
-0.005
]
}
],
"name": "monochromator7",
"m4": [
0.784149,
-0.0,
0.620573,
0.027638,
0.0,
1.0,
-0.0,
0.0,
-0.620573,
0.0,
0.784149,
1.23039,
0,
0,
0,
1
]
},
{
"drawcalls": [
{
"key": "multiline",
"args": [
0.0,
0.0,
0.0,
0.2,
0.0,
0.0
]
},
{
"key": "multiline",
"args": [
0.0,
0.0,
0.0,
0.0,
0.2,
0.0
]
},
{
"key": "multiline",
"args": [
0.0,
0.0,
0.0,
0.0,
0.0,
0.2
]
}
],
"name": "Mono_Out",
"m4": [
0.273221,
-0.0,
0.961951,
0.0,
0.0,
1.0,
-0.0,
0.0,
-0.961951,
0.0,
0.273221,
1.2,
0,
0,
0,
1
]
},
{
"drawcalls": [
{
"key": "multiline",
"args": [
-0.0005,
-0.0005,
0.0,
0.0005,
-0.0005,
0.0,
0.0005,
0.0005,
0.0,
-0.0005,
0.0005,
0.0,
-0.0005,
-0.0005,
0.0
]
}
],
"name": "beamstop",
"m4": [
1.0,
0.0,
0.0,
0.0,
0.0,
1.0,
0.0,
0.0,
0.0,
0.0,
1.0,
2.0,
0,
0,
0,
1
]
},
{
"drawcalls": [
{
"key": "multiline",
"args": [
-0.1,
-0.1,
0.0,
0.1,
-0.1,
0.0,
0.1,
0.1,
0.0,
-0.1,
0.1,
0.0,
-0.1,
-0.1,
0.0
]
}
],
"name": "psd_monitor",
"m4": [
0.273221,
-0.0,
0.961951,
0.961951,
0.0,
1.0,
-0.0,
0.0,
-0.961951,
0.0,
0.273221,
1.47322,
0,
0,
0,
1
]
}
],
"boundingbox": {
"zmax": 2.0,
"ymin": -0.1155,
"xmax": 0.9892731,
"xmin": -0.029169724999999997,
"ymax": 0.2,
"drawcalls": [
{
"key": "multiline",
"args": [
-0.029169724999999997,
-0.1155,
0.0,
-0.029169724999999997,
0.2,
0.0,
0.9892731,
0.2,
0.0,
0.9892731,
-0.1155,
0.0,
-0.029169724999999997,
-0.1155,
0.0
]
},
{
"key": "multiline",
"args": [
-0.029169724999999997,
-0.1155,
2.0,
-0.029169724999999997,
0.2,
2.0,
0.9892731,
0.2,
2.0,
0.9892731,
-0.1155,
2.0,
-0.029169724999999997,
-0.1155,
2.0
]
},
{
"key": "line",
"args": [
-0.029169724999999997,
-0.1155,
0.0,
-0.029169724999999997,
-0.1155,
2.0
]
},
{
"key": "line",
"args": [
0.9892731,
-0.1155,
0.0,
0.9892731,
-0.1155,
2.0
]
},
{
"key": "line",
"args": [
-0.029169724999999997,
0.2,
0.0,
-0.029169724999999997,
0.2,
2.0
]
},
{
"key": "line",
"args": [
0.9892731,
0.2,
0.0,
0.9892731,
0.2,
2.0
]
},
{
"key": "line",
"args": [
0.970830275,
-0.1155,
0.0,
0.970830275,
-0.0155,
0.0
]
},
{
"key": "line",
"args": [
0.970830275,
0.2,
0.0,
0.970830275,
0.1,
0.0
]
},
{
"key": "line",
"args": [
0.970830275,
-0.1155,
2.0,
0.970830275,
-0.0155,
2.0
]
},
{
"key": "line",
"args": [
0.970830275,
0.2,
2.0,
0.970830275,
0.1,
2.0
]
},
{
"key": "line",
"args": [
0.970830275,
-0.1155,
0.0,
0.970830275,
-0.1155,
0.1
]
},
{
"key": "line",
"args": [
0.970830275,
-0.1155,
2.0,
0.970830275,
-0.1155,
1.9
]
},
{
"key": "line",
"args": [
-0.029169724999999997,
-0.1155,
1.0,
0.07083027500000001,
-0.1155,
1.0
]
},
{
"key": "line",
"args": [
0.9892731,
-0.1155,
1.0,
0.8892731,
-0.1155,
1.0
]
},
{
"key": "line",
"args": [
0.970830275,
0.2,
0.0,
0.970830275,
0.2,
0.1
]
},
{
"key": "line",
"args": [
0.970830275,
0.2,
2.0,
0.970830275,
0.2,
1.9
]
},
{
"key": "line",
"args": [
-0.029169724999999997,
0.2,
1.0,
0.07083027500000001,
0.2,
1.0
]
},
{
"key": "line",
"args": [
0.9892731,
0.2,
1.0,
0.8892731,
0.2,
1.0
]
},
{
"key": "line",
"args": [
-0.029169724999999997,
-0.1155,
1.0,
-0.029169724999999997,
-0.0155,
1.0
]
},
{
"key": "line",
"args": [
-0.029169724999999997,
0.2,
1.0,
-0.029169724999999997,
0.1,
1.0
]
},
{
"key": "line",
"args": [
0.9892731,
-0.1155,
1.0,
0.9892731,
-0.0155,
1.0
]
},
{
"key": "line",
"args": [
0.9892731,
0.2,
1.0,
0.9892731,
0.1,
1.0
]
}
],
"zmin": 0.0
},
"params_values": []
};